28.008853177613517 2.4730797540767746 0 
28.5263692362822 3.130944807685246 0 
28.30563894956999 4.584412996001977 0 
29.943809827377283 1.6212391524969378 0 
27.240725879976033 0.012095418866126195 0 
26.18387526415317 0.6745119274693119 0 
26.183436392066582 1.243922662492202 0 
29.37894200402305 4.661676126847804 0 
26.70295541624828 3.7415489811923592 0 
30.231534933339262 4.426340679842654 0 
27.35169964095055 2.971746114761255 0 
31.80730035044978 2.242445334570924 0 
29.771191437596144 -2.6657525807284292 0 
30.64369491992481 1.0511394479330347 0 
26.500262980328966 2.99348635274613 0 
30.587623314045967 2.4679572824183404 0 
28.081527975989403 3.7365176038038426 0 
27.248342859251288 -0.3497946575348658 0 
28.803062906757212 4.162960038100592 0 
29.27821447029867 -1.7548790821160019 0 
31.635207349109315 1.305432505995154 0 
29.196003472474324 -0.19144408810619673 0 
32.10587212040963 -0.05072982356481326 0 
29.45250518681783 -1.436825538459451 0 
27.470398185003756 -0.1791642565725864 0 
27.366902928366848 0.07462008249198426 0 
29.211949559129675 0.904468658725019 0 
29.097625160648885 -0.6449916672088092 0 
26.367711237462196 3.023251150215894 0 
30.49585670493742 1.62840961613691 0 
29.984438464979192 2.1270038373063462 0 
28.971282804107226 4.800853089247657 0 
28.434325572590613 -0.7447134129918078 0 
30.50187224410182 1.9176177181342808 0 
29.526069838914832 2.734289940423465 0 
29.414542836597924 2.049649546106708 0 
32.18818981386656 0.10142707500471282 0 
28.945813107352606 1.7029191382748987 0 
29.487509762938544 2.7036358991417773 0 
26.3216505463512 -0.8099629538918078 0 
28.695081274912944 -0.1810456097115294 0 
26.676532391369527 -0.6826537644682986 0 
29.415138474948712 4.95044810875418 0 
26.380798024931597 -0.7392263894243065 0 
26.689172267881627 3.794128835521658 0 
29.126598929718405 1.1657445366795676 0 
27.47089059506473 -2.4487520074189915 0 
29.361887412005103 -0.3218387815905652 0 
29.93652387520059 2.419873516951929 0 
29.905649788949408 -1.8589835658125713 0 
31.21931999088787 23.972537706433606 1 
31.60471863360783 26.287165675250233 1 
33.40931178893222 24.80512696714503 1 
32.28832763568371 27.54308559388432 1 
35.22555219409591 29.047386227027225 1 
31.90204315561222 28.237181344556827 1 
33.06954769259957 27.293398314899967 1 
35.54522450509495 22.50401808680292 1 
32.15032817724508 23.864130488119326 1 
35.9148840936796 25.695037026745155 1 
35.70292797077805 28.523940580361455 1 
30.96844597257397 27.13478089928408 1 
35.04338162370153 23.79052857760988 1 
30.173580077993435 25.94809124977146 1 
30.683423592802317 27.408837273888864 1 
35.83531904239794 24.603573323524163 1 
35.922598442137165 28.09006595326412 1 
33.909295648603404 25.163447632820752 1 
34.043267482378894 27.575168047941947 1 
31.90892182217406 26.681491287534396 1 
31.87595646121588 23.263382293871082 1 
31.48416590530547 27.654962933230678 1 
33.23818782476423 29.481554074185947 1 
35.865136322715216 25.631277660111415 1 
30.789298897909116 28.078024994060602 1 
37.12132358003045 24.430356881143734 1 
36.352139266791234 23.20297368406958 1 
35.01403371701925 28.64044519996401 1 
30.60684248073158 27.340437238792173 1 
36.51331837558648 28.13685988109134 1 
34.65584043361534 25.459580408058688 1 
35.21677784984895 25.39722157691952 1 
34.156028095423075 29.07783316782824 1 
35.84681005441654 26.379037516719883 1 
31.976178636876863 28.66309939958867 1 
32.958834721088564 26.20891226345877 1 
33.93175842665743 22.050272293435974 1 
35.98983918748753 23.974774551413553 1 
36.366881870912756 27.96496523193432 1 
31.90845811463531 28.635720383788808 1 
31.584069548746438 28.019626554662892 1 
30.589723764395693 24.40187444129273 1 
33.90242640657774 22.632756058865 1 
34.092940014860325 25.679867231793832 1 
33.420083245411575 22.15249797551009 1 
36.89834800260799 24.26663591502824 1 
32.778210855737036 27.79683809164532 1 
36.43960404933743 23.108014286086213 1 
35.1496188787673 24.77193820885193 1 
32.05047863728229 24.9979955279429 1 
2.4751509341730076 18.38749335203363 2 
3.4933674712112692 24.919532053380074 2 
2.948600985172839 19.291699535119015 2 
2.9950523817494767 17.22536661973532 2 
2.8590445063709033 19.32106635293046 2 
4.763606972129893 17.263957163718796 2 
6.3778712946342715 19.84405530892983 2 
4.4180757960208705 22.166556522756586 2 
5.02749517712604 18.69283332916799 2 
2.272817214788766 22.483915024673436 2 
2.398522855327063 21.063077474839854 2 
3.351865633853598 21.429817067938696 2 
6.8395307459276005 23.686864847146026 2 
1.650349154928052 23.90415229923439 2 
5.508165798971612 23.010340718905514 2 
2.30664113532976 21.157986221184785 2 
1.9833332288664103 20.405349700370635 2 
2.2291967585594925 19.668652691641096 2 
2.2297553521859683 20.443192851522042 2 
4.169911309678918 21.434131773810876 2 
0.4712280444076278 20.00644817925491 2 
7.299191436987705 21.326774123571152 2 
3.541172216442953 18.747887421327455 2 
6.524206938407665 21.329612383565745 2 
6.372239528315055 21.897419675247008 2 
5.531134224989318 23.425440674625488 2 
4.622215249485055 24.442952307058064 2 
4.660643799052702 20.866363155604887 2 
3.7622690138892017 24.299765708765236 2 
0.7357173509693453 18.70680652247982 2 
2.067729732972561 20.635836892169202 2 
7.401809589975175 21.272455085840743 2 
7.435369389374635 20.709835755951705 2 
1.5274829305294624 20.168893845964632 2 
1.7646600476460383 18.945947278022505 2 
3.193211831520504 19.78800228297547 2 
2.513129840391838 18.013309243658405 2 
0.46169550388167657 21.574590749931684 2 
5.419512666116109 17.49120608259799 2 
7.252568572927155 19.149358599787774 2 
0.6836428914743617 19.66216850256113 2 
0.2732718492989532 22.451599006139226 2 
4.662459586062905 24.24433305742132 2 
3.850826422005242 20.4865300493866 2 
3.1507346839666157 20.095280365920836 2 
5.01996900747267 17.82330481898131 2 
1.1971775081994984 20.69107533263861 2 
7.67411079285068 22.57825268336874 2 
7.197520407095948 22.750202603976383 2 
2.223032067852989 21.355599789656896 2 
58.39693240363716 30.505863631171355 3 
55.562808746189376 32.504261336515974 3 
55.964484719063265 33.05166885421994 3 
61.03681323268856 29.38196112910116 3 
57.764905610361424 27.821400206212246 3 
59.907039617098945 27.569452815654042 3 
55.1073104082725 31.172207254239826 3 
57.20187243002452 31.98145664490681 3 
55.69983995181005 31.275460058224784 3 
58.2225685522832 32.419450721452385 3 
59.280505567652234 34.876875455664184 3 
58.35511423216138 31.178074614141906 3 
61.20178657242928 34.2264737121669 3 
58.66013987298389 28.70000528993579 3 
62.42231149121983 32.78493389026074 3 
55.258902414997195 29.818961544857782 3 
60.89306138739916 33.958087976220774 3 
59.9476664661494 28.69930626162168 3 
60.836330501899745 33.338830682069 3 
56.15028305912643 29.53066625858453 3 
60.47539088970501 29.516575022413605 3 
57.182739419245 27.92385000670311 3 
62.557566099507206 29.952375353142145 3 
58.862292777225456 30.27705093880766 3 
61.347176043470995 30.39815503156703 3 
59.45804340366919 33.87289982566563 3 
59.77376032047066 28.437287357332142 3 
56.34346412760989 33.35611164704654 3 
56.652457165299424 28.786913090221375 3 
58.94841356214479 30.455977734933064 3 
57.87811670961321 30.915622611602245 3 
61.96457208853564 30.479559448490004 3 
58.164817069232754 29.759286132631154 3 
61.975131065626144 31.711661368765235 3 
62.736581404282106 30.805165838162374 3 
57.871789621422685 27.796697682397134 3 
60.902155028889595 29.219937325277396 3 
59.22566238375534 32.27106731941887 3 
55.96655995769621 29.970757119835923 3 
61.99552303992651 28.95019849774055 3 
61.031841506943316 33.31576857943509 3 
58.6961108454758 34.06778806776101 3 
56.11973450176096 31.42279475812353 3 
58.348847216968366 31.10426391532604 3 
56.96338767048914 32.97853768931223 3 
57.106837607121214 30.51114756953656 3 
61.686097413078286 33.594101493377075 3 
57.542405964418364 34.1757657080157 3 
60.37842595399086 31.72369741319768 3 
57.8990961896533 27.374135195466707 3 
12.185215509770732 -8.12534765731356 4 
10.473630182222735 -8.539553166608272 4 
9.853404516830174 -7.216666177243673 4 
10.734270440893102 -6.882388702918429 4 
8.135819648670624 -6.948018462537971 4 
12.258963009442176 -8.843470456833487 4 
8.528788904598002 -10.739567515655615 4 
11.24420749550042 -11.791829984275385 4 
7.43366936012249 -9.111931479529211 4 
7.403800168933866 -7.440427025298159 4 
11.173648573038092 -9.385481351828336 4 
8.200818565227554 -5.4661348903047715 4 
6.3221771483435045 -8.970047582304684 4 
7.259549441909036 -10.611181214609882 4 
8.60702526512539 -6.614128211125872 4 
5.499974085788081 -8.134407944971052 4 
8.764545629872906 -11.465194171606502 4 
8.82419522370013 -10.577598399072421 4 
8.21928334483544 -10.86424538622554 4 
9.125084453427702 -11.430296267983346 4 
11.107579395070927 -11.800758184902568 4 
9.840520517824169 -6.020814390458689 4 
10.851183458674598 -5.980466424151739 4 
10.371830462916275 -6.451642973509833 4 
10.256114895036434 -7.666227483107198 4 
11.143204927725527 -9.08523100824855 4 
12.60908457415466 -8.080279127922704 4 
10.956703369277278 -10.040338304595618 4 
5.407539691193167 -8.264262810708363 4 
11.08335400422215 -8.892042456532602 4 
5.272773305786927 -9.791527960841968 4 
6.632723949025422 -10.124352711417814 4 
5.87767409827674 -8.30711710258143 4 
8.016523444665589 -10.582749001772045 4 
10.23167619081476 -6.345803773744065 4 
7.6241038406662955 -10.224400722867276 4 
9.59403494390022 -9.997171462088026 4 
11.900730445803394 -8.223464405634882 4 
8.904650584707928 -10.040031798797209 4 
8.762424255363852 -9.305687423384287 4 
10.883390581323484 -6.393059041517993 4 
7.852768092837445 -6.743538328735082 4 
10.209211886857348 -12.6221969956034 4 
9.309086938326937 -9.360498073041878 4 
12.528329926910716 -10.769139793551524 4 
9.48316476868725 -6.6448555600037364 4 
9.361780737899284 -6.469847253794977 4 
5.585942552827249 -11.007428320022775 4 
11.032319657138174 -10.983131077363073 4 
11.7772814064198 -7.466529528387255 4 
18.498709012655777 12.081242236556452 5 
20.126939741521873 13.02833701995718 5 
17.137449869492606 18.742047359779097 5 
21.01445496093941 17.475889709610588 5 
22.3477367588473 14.533909522122666 5 
19.114153809706274 19.06765406664598 5 
17.024614277704387 19.30622004351728 5 
17.763108650554607 18.999261579914485 5 
19.70088826217495 12.389739717503161 5 
18.477408313056554 16.581864278296866 5 
21.054043973436354 13.367849693474664 5 
15.232017783646597 16.047009276122402 5 
16.8516112812066 15.286903586682564 5 
16.136767750330147 16.719807251999597 5 
19.870064421155817 14.549567526530378 5 
22.11252394836181 15.710008776827838 5 
21.24418880680429 18.707663997417203 5 
17.88154649406996 16.316912009003854 5 
22.656582599633204 16.138081259900485 5 
20.70279391646148 12.549724586882869 5 
17.554355604934393 14.743920563038404 5 
17.760052303542114 15.359414678452154 5 
20.76611116733253 13.822620498475354 5 
16.572276567616907 15.366477806935077 5 
22.447678273904508 14.499779759445598 5 
21.338462900930406 18.691158744591355 5 
16.871522506421506 15.899536316994766 5 
21.59940936392403 18.424917004628888 5 
16.217270534615338 17.594567825316094 5 
21.16064148739663 15.737832424070007 5 
16.47576100546948 16.036954480455414 5 
16.59332321450223 18.70493923366591 5 
19.744559897085676 14.178787819393104 5 
17.920464913941036 15.71593569471426 5 
18.300307796171232 13.061453242359836 5 
15.82124772800991 17.190796166720276 5 
18.08415813119404 16.73259212864748 5 
17.085142648538227 14.27763638527704 5 
18.22430710945818 17.111022645269873 5 
18.960363043907847 16.506546941293102 5 
16.723246454959263 17.91406449213737 5 
16.13691023003129 14.036875035626181 5 
16.332521837056248 13.67155904598193 5 
16.672024834407843 14.655005628360595 5 
20.608513936509304 14.342460972683824 5 
15.792987855711619 17.214596461532743 5 
19.600051478486975 17.201562084545348 5 
19.39953295847639 16.18786589209196 5 
19.807586866781204 14.810325171372105 5 
17.298887058432708 18.71296820113683 5 
46.16213585512625 5.815534518621814 6 
47.50821353373583 7.026108468130488 6 
45.34758477475769 7.155593717956475 6 
42.68443070129615 2.6867829500140292 6 
43.90857719379764 7.022722403423953 6 
44.51319738685137 2.3317960317999322 6 
42.19118712215001 8.970820443892553 6 
47.54962328985076 4.525026489203212 6 
45.62047756442928 8.384639890734714 6 
41.69972236949822 2.8020924986298272 6 
43.204917454327315 7.19586526053141 6 
43.875745038916016 2.28961723529463 6 
47.633707846923315 6.194987746389509 6 
42.6238317697633 4.174281105784753 6 
44.2518503668716 4.369308874156718 6 
47.44766169454334 6.110610611203031 6 
40.12059622063731 5.802735425531797 6 
41.89683328335275 6.109710011774215 6 
40.64322378534917 5.408916317786695 6 
46.22423750606169 7.739470408435172 6 
47.474296340161935 4.6036524617989585 6 
46.70462469288378 5.924428511352628 6 
43.124826933742966 2.2437616509367304 6 
45.29313239516981 4.776745704353724 6 
43.50329169404396 8.075478336527793 6 
46.57320929871096 3.4444113783521004 6 
44.13779904097603 2.417845607284195 6 
45.10322607101064 5.607412695128566 6 
40.414278050525496 4.594737268722432 6 
45.65427151323058 8.886423200324897 6 
41.36857765162658 4.2901082240560715 6 
43.34204746926401 9.357579993947585 6 
43.552377402852926 9.711534617616598 6 
42.86110657265185 8.70914389369463 6 
43.23557774232415 4.21061136113623 6 
45.478723274602395 5.075153779997456 6 
46.5481346962482 6.457744515559294 6 
42.44446505461515 2.3993793328510113 6 
41.0333858050286 4.562958909098542 6 
42.35853849930801 8.50382815517282 6 
41.897711942094325 9.124900502227483 6 
47.25784908949456 7.186976138010031 6 
45.65936384837281 5.98900878391559 6 
45.990650740310365 2.780046490536214 6 
46.73534253240878 6.885868743855387 6 
44.66443845481082 2.854757400553085 6 
41.47674344343098 6.5354438400663355 6 
42.001713287670306 7.9228254654165875 6 
45.48037426817992 5.457729274925942 6 
46.351959369306456 3.378071855834432 6 
